100
3 1 5 15 13 11
3 0 8 23 22 21
2 1 6 14 15
1 1 2 17
2 2 2 14 18
2 0 9 23 6
3 0 10 1 15 0
3 0 6 2 25 27
1 1 5 2
1 0 3 5
2 0 4 25 22
2 0 4 3 8
3 0 0 30 30 30
3 2 1 5 20 0
1 1 1 2
2 0 5 11 29
2 0 9 20 10
2 2 4 9 5
2 0 6 3 2
3 0 3 5 28 8
2 1 8 26 1
2 0 1 18 4
2 0 4 9 9
1 1 7 14
2 1 8 21 21
1 1 4 21
2 0 3 6 0
1 0 5 11
3 0 6 15 23 4
1 0 7 17
1 0 3 22
1 0 8 21
1 0 8 11
2 0 6 14 28
1 1 5 17
1 1 0 7
1 0 10 30
3 2 6 15 15 14
3 0 2 3 2 0
1 0 4 8
3 1 4 8 8 11
2 0 8 28 5
2 2 5 15 19
1 0 8 21
3 1 2 13 0 27
3 0 7 18 6 18
1 1 5 19
3 2 10 23 14 8
2 2 2 5 25
3 3 10 28 14 15
3 0 3 6 7 5
1 0 6 15
3 0 7 17 18 23
1 0 10 27
2 2 1 14 2
2 2 4 10 2
1 0 4 8
1 0 2 2
3 1 8 22 23 4
3 3 0 17 8 4
3 1 10 10 30 3
1 0 10 26
2 2 6 17 3
3 3 7 19 3 10
1 0 7 18
3 1 8 18 19 4
3 3 6 4 20 6
3 1 10 16 8 13
2 2 6 27 14
1 0 2 2
2 1 3 3 30
2 0 6 10 27
3 0 9 8 23 16
3 0 9 3 23 24
1 1 6 24
1 1 7 26
1 0 5 4
1 0 0 0
3 0 6 26 19 4
2 2 3 10 17
1 0 6 10
3 2 10 26 26 26
1 0 6 14
2 0 9 6 30
3 3 7 17 7 9
1 0 4 8
2 0 1 0 0
3 1 5 12 19 12
3 0 1 26 3 29
2 0 8 13 20
3 0 2 2 3 3
1 0 9 23
2 0 4 12 1
1 1 8 15
3 3 1 10 21 13
3 2 10 17 30 11
3 0 2 9 30 2
3 0 7 16 20 13
1 1 0 10
3 0 7 28 18 18
